1
5000
2
944770
72
59
13
0
14
7
4
72
0
16
15
1
4
1
6
7
8
3
-1163005939
0
-1163005939
1
16
16
1
4
0
2
6
10
3
0
0
0
2
16
17
1
4
1
3
6
10
4
0
0
0
3
16
18
1
5
2
4
5
10
11
4
0
0
0
4
16
19
1
4
3
5
9
11
5
0
0
0
5
17
18
6
2
3
4
6
1000
2
9
53
5000
6
17
15
6
3
0
1
2
6
1000
2
9
53
5000
7
16
12
6
1
0
9
1000
2
9
53
5000
8
12
10
8
1
0
10
0
0
0
9
12
19
9
6
4
11
12
13
15
16
13
0
0
0
10
13
16
6
3
1
2
3
14
1000
2
9
53
5000
11
16
20
1
4
3
9
4
13
13
0
0
0
12
16
22
1
6
9
13
14
15
15
16
6
0
0
0
13
16
21
1
4
9
12
11
14
8
0
0
0
14
17
21
10
6
13
12
17
18
32
41
0
0
0
0
15
16
23
1
4
12
9
12
16
2
0
0
0
16
16
24
1
4
12
9
15
17
3
0
0
0
17
16
25
1
4
14
16
18
29
6
0
0
0
18
16
26
1
4
14
17
19
29
7
0
0
0
19
16
27
1
4
18
20
26
29
10
0
0
0
20
16
28
1
4
19
21
26
30
12
0
0
0
21
16
29
1
4
20
22
26
30
0
0
0
0
22
16
30
1
4
21
23
27
30
3
0
0
0
23
16
31
1
4
22
24
27
31
5
0
0
0
24
16
32
1
4
23
25
27
31
6
0
0
0
25
16
33
1
4
24
28
31
32
8
0
0
0
26
17
27
5
3
19
20
21
13
100
2
9
53
5000
27
17
30
5
3
22
23
24
2
100
2
9
53
5000
28
17
33
5
1
25
5
100
2
9
53
5000
29
13
25
5
3
17
18
19
12
100
2
9
53
5000
30
13
28
2
3
20
21
22
0
0
2
9
53
231230
31
13
31
5
6
23
24
25
33
34
36
4
100
2
9
53
5000
32
16
34
1
4
14
25
33
41
13
0
0
0
33
15
34
1
3
32
31
34
0
0
0
0
34
14
34
1
3
33
31
36
2
0
0
0
35
12
34
1
4
36
37
48
56
4
0
0
0
36
13
34
1
3
34
35
31
6
0
0
0
37
11
34
1
4
35
38
48
56
8
0
0
0
38
10
34
1
4
37
39
48
56
10
0
0
0
39
9
34
1
3
38
40
49
12
0
0
0
40
8
34
1
4
39
49
53
57
0
0
0
0
41
16
35
1
3
14
32
42
3
0
0
0
42
16
36
1
4
41
43
50
55
4
0
0
0
43
16
37
1
4
42
44
50
55
6
0
0
0
44
16
38
1
4
43
45
50
55
7
0
0
0
45
16
39
1
4
44
46
51
54
9
0
0
0
46
16
40
1
4
45
47
51
54
10
0
0
0
47
16
41
1
4
46
51
52
54
12
0
0
0
48
10
31
5
3
38
37
35
8
100
2
9
53
5000
49
7
31
5
2
40
39
13
100
2
9
53
5000
50
17
36
5
3
42
43
44
3
100
2
9
53
5000
51
17
39
5
3
45
46
47
7
100
2
9
53
5000
52
16
42
4
1
47
12
50
2
9
53
5000
53
4
34
9
10
40
57
58
59
60
61
64
65
66
67
4
5000
0
0
54
12
39
8
3
45
46
47
9
0
0
0
55
13
36
3
3
42
43
44
14
10
2
9
53
5000
56
10
35
3
3
38
37
35
5
10
2
9
53
5000
57
8
35
1
3
53
40
58
10
0
0
0
58
8
36
1
3
53
57
59
11
0
0
0
59
8
37
1
3
53
58
60
0
0
0
0
60
8
38
1
4
53
59
61
69
2
0
0
0
61
8
39
1
4
53
60
62
69
3
0
0
0
62
8
40
1
4
61
63
64
69
5
0
0
0
63
8
41
1
3
62
70
71
7
0
0
0
64
7
40
1
4
62
53
65
71
9
0
0
0
65
6
40
1
4
64
53
66
71
10
0
0
0
66
5
40
1
4
65
53
67
71
14
0
0
0
67
4
40
1
3
66
53
68
0
0
0
0
68
3
40
1
1
67
2
0
0
0
69
9
38
3
3
60
61
62
7
10
2
9
53
5000
70
8
42
3
1
63
10
10
2
9
53
5000
71
5
41
3
4
66
65
64
63
13
10
2
9
53
5000
0
0
0
0
0
0
0
0
0
0
0
0
0
0
0
0
0
0
0
0
0
0
0
0
0
0
0
0
0
0
0
0
0
0
0
0
0
0
0
0
0
0
0
0
0
0
0
0
0
0
0
0
0
0
0
0
0
0
0
0
0
0
0
0
0
0
0
0
0
0
0
0
0
0
0
0
0
0
0
0
0
0
0
0
0
0
0
0
0
0
0
0
0
0
0
0
0
0
0
0
0
0
0
0
0
0
0
0
0
0
0
0
0
0
0
0
0
0
0
0
0
0
0
0
0
0
0
0
0
0
0
0
0
0
0
0
0
0
0
0
0
0
0
0
0
0
0
0
0
0
0
0
0
0
0
0
0
0
0
0
0
0
0
0
0
0
0
0
0
0
0
0
0
0
0
1
0
0
0
0
0
0
0
0
0
0
0
0
0
0
0
0
0
0
0
0
0
0
0
0
0
0
0
0
0
0
0
0
0
0
0
0
0
0
9
9
9
9
9
9
1
0
0
0
0
0
0
0
0
0
0
0
0
0
0
0
0
0
0
0
0
0
0
0
0
0
0
0
0
0
0
0
0
0
0
0
0
0
0
9
9
9
9
9
9
1
3
3
3
0
0
0
0
0
0
0
0
0
0
0
0
0
0
0
0
0
0
0
0
0
0
0
0
0
0
0
0
0
0
0
0
0
0
0
9
9
9
9
9
9
1
3
3
3
0
0
0
0
0
0
0
0
0
0
0
0
0
0
0
0
0
0
0
0
0
0
0
0
0
0
0
0
0
0
0
0
5
5
5
9
9
9
9
9
9
1
3
3
3
0
0
0
0
0
0
0
0
0
0
0
0
0
0
0
0
0
0
0
0
0
0
0
0
0
0
0
0
0
0
0
0
5
5
5
1
1
1
1
1
1
1
1
3
3
3
0
0
0
0
0
0
0
0
0
0
0
0
0
0
0
0
0
0
0
0
0
0
0
0
0
0
0
0
0
0
0
5
5
5
1
0
0
0
3
3
3
0
3
3
3
0
0
0
0
0
0
0
0
0
0
0
0
0
0
0
0
0
0
0
0
0
0
0
0
0
0
0
0
0
0
0
5
5
5
1
3
3
3
3
3
3
0
3
3
3
0
0
0
0
0
0
0
0
0
0
0
0
0
0
0
0
0
0
0
0
0
0
0
0
0
0
0
0
0
0
0
5
5
5
1
3
3
3
3
3
3
0
0
0
0
0
0
0
0
0
0
0
0
0
0
8
8
8
8
8
8
0
0
0
9
9
9
9
9
9
0
0
0
0
0
0
5
5
5
1
3
3
3
0
8
8
8
8
8
8
0
0
0
0
0
0
0
0
0
0
8
8
8
8
8
8
6
6
6
9
9
9
9
9
9
5
5
5
2
2
2
5
5
5
1
0
3
3
3
8
8
8
8
8
8
0
0
0
0
0
0
0
0
0
0
8
8
8
8
8
8
6
6
6
9
9
9
9
9
9
5
5
5
2
2
2
5
5
5
1
0
3
3
3
8
8
8
8
8
8
0
0
0
0
0
0
0
0
0
0
8
8
8
8
8
8
6
6
6
9
9
9
9
9
9
5
5
5
2
2
2
5
5
5
1
0
3
3
3
8
8
8
8
8
8
0
0
0
0
0
0
0
0
0
0
0
0
6
6
6
1
1
1
1
1
1
1
1
1
1
1
1
1
1
1
1
1
1
1
1
1
1
1
1
1
1
1
4
4
4
0
0
0
0
0
0
0
0
0
0
0
0
6
6
6
6
6
6
6
6
6
10
10
10
10
10
10
5
5
5
5
5
5
5
5
5
5
5
5
5
5
5
4
4
4
0
0
0
0
0
0
0
0
0
0
0
0
6
6
6
6
6
6
6
6
6
10
10
10
10
10
10
5
5
5
5
5
5
5
5
5
5
5
5
5
5
5
4
4
4
0
0
0
0
0
0
0
0
0
0
0
0
0
0
0
6
6
6
6
6
6
10
10
10
10
10
10
5
5
5
5
5
5
5
5
5
5
5
5
5
5
5
0
0
0
0
0
0
0
0
0
0
0
0
0
0
0
0
0
0
0
0
0
0
0
0
10
10
10
10
10
10
0
0
0
0
0
0
0
0
0
0
0
0
0
0
0
0
0
0
0
0
0
0
0
0
0
0
0
0
0
0
0
0
0
0
0
0
0
0
0
0
0
0
0
0
0
0
0
0
0
0
0
0
0
0
0
0
0
0
0
0
0
0
0
0
0
0
0
0
0
0
0
0
0
0
0
0
0
0
0
0
0
0
0
0
0
0
0
0
0
0
0
0
0
0
0
0
0
0
0
0
0
0
0
0
0
0
0
0
0
0
0
0
0
0
0
0
0
0
0
0
0
0
0
0
0
0
0
0
0
0
0
0
0
0
0
0
0
0
0
0
0
0
0
0
0
0
0
0
0
0
0
0
0
0
0
0
0
0
0
0
0
0
0
0
0
0
0
0
0
0
0
0
0
0
0
0
0
0
0
0
0
0
0
0
0
0
0
0
0
0
0
0
0
0
0
0
0
0
0
0
0
0
0
0
0
0
0
0
0
0
0
0
0
0
0
0
0
0
0
0
0
0
0
0
0
0
0
0
0
0
0
0
0
0
0
0
0
0
0
0
0
0
0
0
0
0
0
0
0
0
0
0
0
0
0
0
0
0
0
0
0
0
0
0
0
0
0
0
0
0
0
0
0
0
0
0
0
0
0
0
0
0
0
0
0
0
0
0
0
0
0
0
0
0
0
0
0
0
0
0
0
0
0
0
0
0
0
0
0
0
0
0
0
0
0
0
0
0
0
0
0
0
0
0
0
0
0
0
0
0
0
0
0
0
0
0
0
0
0
0
0
0
0
0
0
0
0
0
0
0
0
0
0
0
0
0
0
0
0
0
0
0
0
0
0
0
0
0
0
0
0
0
0
0
0
0
0
0
0
0
0
0
0
0
0
0
0
0
0
0
0
0
0
0
0
0
0
0
0
0
0
0
0
0
0
0
0
0
0
0
0
0
0
0
0
0
0
0
0
0
0
0
0
0
0
0
0
0
0
0
0
0
0
0
0
0
0
0
0
0
0
0
0
0
0
0
0
0
0
0
0
0
0
0
0
0
0
0
0
0
0
0
0
0
0
0
0
0
0
0
0
0
0
0
0
0
0
0
0
0
0
0
0
0
0
0
0
0
0
0
0
0
0
0
0
0
0
0
0
0
0
0
0
0
0
0
0
0
0
0
0
0
0
0
0
0
0
0
0
0
0
0
0
0
0
0
0
0
0
0
0
0
0
0
0
0
0
0
0
0
0
0
0
0
0
0
0
0
0
0
0
0
0
0
0
0
0
0
0
0
0
0
0
0
0
0
0
0
0
0
0
0
0
0
0
0
0
0
0
0
0
0
0
0
0
0
0
0
0
0
0
0
0
0
0
0
0
0
0
0
0
0
0
0
0
0
0
0
0
0
0
0
0
0
0
0
0
0
0
0
0
0
0
0
0
0
0
0
0
0
0
0
0
0
0
0
0
0
0
0
0
0
0
0
0
0
0
0
